# Correction factors to dnu from aldocorr
#
# Columns:
# 0 - KIC ID
# 1 - dnu correction factor
########################
1435467     1.001
2837475     0.982
3425851     0.996
3427720     0.999
3456181     0.978
3544595     1.006
3632418     1.008
3656476     1.015
3735871     1.012
4141376     0.991
4143755     1.011
4349452     1.006
4914423     1.005
4914923     1.011
5094751     1.015
5184732     1.016
5773345     1.001
5866724     1.006
5950854     1.011
6106415     1.005
6116048     0.998
6196457     1.007
6225718     1.009
6278762     1.004
6508366     0.996
6521045     1.012
6603624     1.013
6679371     0.993
6933899     1.017
7103006     0.996
7106245     0.958
7206837     1.008
7296438     1.011
7510397     1.008
7670943     1.004
7680114     1.014
7771282     0.992
7871531     1.009
7940546     1.002
7970740     1.002
8006161     1.008
8077137     1.013
8150065     1.012
8179536     1.003
8228742     1.009
8292840     0.993
8349582     1.017
8379927     1.014
8394589     0.979
8424992     1.011
8478994     1.001
8494142     1.007
8554498     1.016
8694723     1.000
8760414     0.989
8866102     1.009
8938364     1.016
9025370     1.009
9098294     1.008
9139151     1.015
9139163     0.994
9206432     0.987
9353712     1.003
9410862     0.998
9414417     1.002
9592705     1.007
9812850     1.002
9955598     1.009
9965715     1.002
10068307    1.005
10079226    1.006
10162436    1.006
10454113    1.009
10514430    1.021
10516096    1.005
10586004    1.024
10644253    1.015
10666592    0.992
10730618    0.997
10963065    0.996
11081729    0.988
11133306    1.003
11253226    0.979
11295426    1.011
11401755    0.999
11772920    1.008
11807274    1.010
11853905    1.019
11904151    1.001
12009504    1.013
12069127    1.000
12069424    1.012
12069449    1.010
12258514    1.017
12317678    0.995