# Correction factors to dnu from dnufit of own models
#
# Columns:
# 0 - KIC ID
# 1 - dnu correction factor
# 2 - dnu correction factor after correcting dnufit for the surface effect
########################
1435467     1.000   0.992
2837475     0.986   0.975
3425851     0.998   0.986
3427720     1.006   0.995
3456181     0.999   0.986
3544595     1.006   0.997
3632418     1.008   0.999
3656476     1.015   1.003
3735871     1.003   0.992
4143755     1.014   0.989
4349452     1.005   0.993
4914423     1.016   1.001
4914923     1.015   1.002
5184732     1.010   0.997
5773345     1.003   0.992
5866724     1.006   0.997
5950854     1.012   1.000
6106415     1.009   0.998
6116048     1.010   0.999
6225718     1.004   0.992
6278762     1.007   0.998
6508366     1.001   0.993
6521045     1.016   0.997
6603624     1.011   1.001
6679371     0.999   0.991
6933899     1.019   1.002
7103006     0.998   0.988
7106245     1.002   0.987
7206837     1.003   1.001
7296438     1.015   1.001
7510397     1.009   0.999
7670943     1.004   0.994
7680114     1.015   1.002
7771282     1.001   0.991
7871531     1.007   1.000
7940546     1.006   0.996
7970740     1.006   0.998
8006161     1.006   0.999
8077137     1.015   1.002
8150065     1.009   0.995
8179536     1.002   0.994
8228742     1.011   0.998
8292840     0.997   0.987
8349582     1.018   1.008
8379927     1.007   1.000
8394589     1.005   0.995
8424992     1.009   0.998
8494142     1.011   1.004
8554498     1.014   0.998
8694723     1.006   0.992
8760414     1.004   0.995
8866102     1.007   1.000
8938364     1.017   1.003
9025370     1.008   0.999
9098294     1.011   1.000
9139151     1.007   0.996
9139163     0.995   0.988
9206432     0.988   0.983
9353712     1.004   0.995
9410862     1.009   1.001
9414417     1.002   0.992
9592705     1.006   0.998
9812850     1.002   0.996
9955598     1.007   0.999
9965715     1.012   1.007
10068307    1.010   0.999
10079226    1.009   0.998
10162436    1.008   0.998
10454113    1.006   0.999
10516096    1.014   1.000
10586004    1.020   0.997
10644253    1.006   0.997
10666592    0.996   0.988
10730618    0.999   0.991
10963065    1.008   0.997
11081729    0.989   0.978
11133306    1.010   1.002
11253226    0.984   0.974
11295426    1.012   1.000
11401755    0.992   0.969
11772920    1.007   0.998
11807274    1.009   0.999
11853905    1.020   1.008
11904151    1.010   1.001
12009504    1.008   0.995
12069127    1.002   0.991
12069424    1.012   1.001
12069449    1.010   0.999
12258514    1.013   1.000
12317678    0.991   0.979
