# Correction factors to dnu from asfgrid (http://adsabs.harvard.edu/abs/2016ascl.soft03009S)
#
# Columns:
# 0 - KIC ID
# 1 - dnu correction factor
########################
1435467       0.990
2837475       0.974
3425851       0.993
3427720       0.999
3456181       0.968
3544595       1.004
3632418       0.991
3656476       1.011
3735871       1.000
4141376       1.000
4143755       1.010
4349452       0.998
4914423       1.009
4914923       1.011
5094751       1.005
5184732       1.007
5773345       0.989
5866724       0.997
5950854       1.006
6106415       1.001
6116048       1.001
6196457       0.997
6225718       0.995
6278762       1.003
6508366       0.983
6521045       1.008
6603624       1.008
6679371       0.981
6933899       1.016
7103006       0.986
7106245       0.966
7206837       0.996
7296438       1.011
7510397       0.992
7670943       0.995
7680114       1.011
7771282       0.984
7871531       1.004
7940546       0.987
7970740       0.999
8006161       1.005
8077137       1.004
8150065       0.996
8179536       0.994
8228742       0.996
8292840       0.988
8349582       1.015
8379927       0.992
8394589       0.994
8424992       1.007
8478994       1.003
8494142       1.001
8554498       1.016
8694723       0.992
8760414       0.989
8866102       0.997
8938364       1.013
9025370       1.003
9098294       1.006
9139151       1.002
9139163       0.983
9206432       0.990
9353712       0.990
9410862       1.000
9414417       0.984
9592705       0.995
9812850       0.990
9955598       1.005
9965715       0.987
10068307      0.992
10079226      1.004
10162436      0.990
10454113      0.991
10514430      1.020
10516096      1.006
10586004      1.017
10644253      1.000
10666592      0.978
10730618      0.985
10963065      0.999
11081729      0.984
11133306      1.005
11253226      0.968
11295426      1.008
11401755      0.996
11772920      1.005
11807274      1.002
11853905      1.014
11904151      1.006
12009504      0.996
12069127      0.987
12069424      1.009
12069449      1.007
12258514      1.003
12317678      0.976
